1;1
2;2
3;3
4;4
5;5
6;6
7;7
8;8
9;9
10;10
11;11
12;12
13;13
14;14
15;15
16;16
17;17
18;18
19;19
20;20
21;21
22;22
23;23
24;24
25;25
26;26
27;27
28;28
29;29
30;30
31;31
32;32
33;33
34;34
35;35
36;36
37;37
38;38
39;39
40;40
41;41
42;42
43;43
44;44
45;45
46;46
47;47
48;48
49;49
50;50
51;51
52;52
53;53
54;54
55;55
56;56
57;57
58;58
59;59
60;60
61;61
62;62
63;63
64;64
65;65
66;66
67;67
68;68
69;69
70;70
71;71
72;72
73;73
74;74
75;75
76;76
77;77
78;78
79;79
80;80
81;81
82;82
83;83
84;84
85;85
86;86
87;87
88;88
89;89
90;90
91;91
92;92
93;93
94;94
95;95
96;96
97;97
98;98
99;99
100;100
101;101
102;102
103;103
104;104
105;105
106;106
107;107
108;108
109;109
110;110
111;111
112;112
113;113
114;114
115;115
116;116
117;117
118;118
119;119
120;120
121;121
122;122
123;123
124;124
125;125
126;126
127;127
128;128
129;129
130;130
131;131
132;132
133;133
134;134
135;135
136;136
137;137
138;138
139;139
140;140
141;141
142;142
143;143
144;144
145;145
146;146
147;147
148;148
149;149
150;150
151;151
152;152
153;153
154;154
155;155
156;156
157;157
158;158
159;159
160;160
161;161
162;162
163;163
164;164
165;165
166;166
167;167
168;168
169;169
170;170
171;171
172;172
173;173
174;174
175;175
176;176
177;177
178;178
179;179
180;180
181;181
182;182
183;183
184;184
185;185
186;186
187;187
188;188
189;189
190;190
191;191
192;192
193;193
194;194
195;195
196;196
197;197
198;198
199;199
200;200
201;201
202;202
203;203
204;204
205;205
206;206
207;207
208;208
209;209
210;210
211;211
212;212
213;213
214;214
215;215
216;216
217;217
218;218
219;219
220;220
221;221
222;222
223;223
224;224
225;225
226;226
227;227
228;228
229;229
230;230
231;231
232;232
233;233
234;234
235;235
236;236
237;237
238;238
239;239
240;240
241;241
242;242
243;243
244;244
245;245
246;246
247;247
248;248
249;249
250;250
251;251
252;252
253;253
254;254
255;255
256;256
257;257
258;258
259;259
260;260
261;261
262;262
263;263
264;264
265;265
266;266
267;267
268;268
269;269
270;270
271;271
272;272
273;273
274;274
275;275
276;276
277;277
278;278
279;279
280;280
281;281
282;282
283;283
284;284
285;285
286;286
287;287
288;288
289;289
290;290
291;291
292;292
293;293
294;294
295;295
296;296
297;297
298;298
299;299
300;300
301;301
302;302
303;303
304;304
305;305
306;306
307;307
308;308
309;309
310;310
311;311
312;312
313;313
314;314
315;315
316;316
317;317
318;318
319;319
320;320
321;321
322;322
323;323
324;324
325;325
326;326
327;327
328;328
329;329
330;330
331;331
332;332
333;333
334;334
335;335
336;336
337;337
338;338
339;339
340;340
341;341
342;342
343;343
344;344
345;345
346;346
347;347
348;348
349;349
350;350
351;351
352;352
353;353
354;354
355;355
356;356
357;357
358;358
359;359
360;360
361;361
362;362
363;363
364;364
365;365
366;366
367;367
368;368
369;369
370;370
371;371
372;372
373;373
374;374
375;375
376;376
377;377
378;378
379;379
380;380
381;381
382;382
383;383
384;384
385;385
386;386
387;387
388;388
389;389
390;390
391;391
392;392
393;393
394;394
395;395
396;396
397;397
398;398
399;399
400;400
401;401
402;402
403;403
404;404
405;405
406;406
407;407
408;408
409;409
410;410
411;411
412;412
413;413
414;414
415;415
416;416
417;417
418;418
419;419
420;420
421;421
422;422
423;423
424;424
425;425
426;426
427;427
428;428
429;429
430;430
431;431
432;432
433;433
434;434
435;435
436;436
437;437
438;438
439;439
440;440
441;441
442;442
443;443
444;444
445;445
446;446
447;447
448;448
449;449
450;450
451;451
452;452
453;453
454;454
455;455
456;456
457;457
458;458
459;459
460;460
461;461
462;462
463;463
464;464
465;465
466;466
467;467
468;468
469;469
470;470
471;471
472;472
473;473
474;474
475;475
476;476
477;477
478;478
479;479
480;480
481;481
482;482
483;483
484;484
485;485
486;486
487;487
488;488
489;489
490;490
491;491
492;492
493;493
494;494
495;495
496;496
497;497
498;498
499;499
500;500
501;501
502;502
503;503
504;504
505;505
506;506
507;507
508;508
509;509
510;510
511;511
512;512
513;513
514;514
515;515
516;516
517;517
518;518
519;519
520;520
521;521
522;522
523;523
524;524
525;525
526;526
527;527
528;528
529;529
530;530
531;531
532;532
533;533
534;534
535;535
536;536
537;537
538;538
539;539
540;540
541;541
542;542
543;543
544;544
545;545
546;546
547;547
548;548
549;549
550;550
551;551
552;552
553;553
554;554
555;555
556;556
557;557
558;558
559;559
560;560
561;561
562;562
563;563
564;564
565;565
566;566
567;567
568;568
569;569
570;570
571;571
572;572
573;573
574;574
575;575
576;576
577;577
578;578
579;579
580;580
581;581
582;582
583;583
584;584
585;585
586;586
587;587
588;588
589;589
590;590
591;591
592;592
593;593
594;594
595;595
596;596
597;597
598;598
599;599
600;600
601;601
602;602
603;603
604;604
605;605
606;606
607;607
608;608
609;609
610;610
611;611
612;612
613;613
614;614
615;615
616;616
617;617
618;618
619;619
620;620
621;621
622;622
623;623
624;624
625;625
626;626
627;627
628;628
629;629
630;630
631;631
632;632
633;633
634;634
635;635
636;636
637;637
638;638
639;639
640;640
641;641
642;642
643;643
644;644
645;645
646;646
647;647
648;648
649;649
650;650
651;651
652;652
653;653
654;654
655;655
656;656
657;657
658;658
659;659
660;660
661;661
662;662
663;663
664;664
665;665
666;666
667;667
668;668
669;669
670;670
671;671
672;672
673;673
674;674
675;675
676;676
677;677
678;678
679;679
680;680
681;681
682;682
683;683
684;684
685;685
686;686
687;687
688;688
689;689
690;690
691;691
692;692
693;693
694;694
695;695
696;696
697;697
698;698
699;699
700;700
701;701
702;702
703;703
704;704
705;705
706;706
707;707
708;708
709;709
710;710
711;711
712;712
713;713
714;714
715;715
716;716
717;717
718;718
719;719
720;720
721;721
722;722
723;723
724;724
725;725
726;726
727;727
728;728
729;729
730;730
731;731
732;732
733;733
734;734
735;735
736;736
737;737
738;738
739;739
740;740
741;741
742;742
743;743
744;744
745;745
746;746
747;747
748;748
749;749
750;750
751;751
752;752
753;753
754;754
755;755
756;756
757;757
758;758
759;759
760;760
761;761
762;762
763;763
764;764
765;765
766;766
767;767
7000;768
7001;769
7002;770
7003;771
7004;772
7005;773
7006;774
7007;775
7008;776
7009;777
7010;778
7011;779
7012;780
7013;781
7014;782
7015;783
7016;784
7017;785
7018;786
7019;787
7020;788
7021;789
7022;790
7023;791
7024;792
7025;793
7026;794
7027;795
7028;796
7029;797
7030;798
7031;799
7032;800
7033;801
7034;802
7035;803
7036;804
7037;805
7038;806
7039;807
7040;808
7041;809
7042;810
7043;811
7044;812
7045;813
7046;814
7047;815
7048;816
7049;817
7050;818
7051;819
7052;820
7053;821
7054;822
7055;823
7056;824
7057;825
7058;826
7059;827
7060;828
7061;829
7062;830
7063;831
7064;832
7065;833
7066;834
7067;835
7068;836
7069;837
7070;838
7071;839
7072;840
7073;841
7074;842
7075;843
7076;844
7077;845
7078;846
7079;847
7080;848
7081;849
7082;850
7083;851
7084;852
7085;853
7086;854
7087;855
7088;856
7089;857
7090;858
7091;859
7092;860
7093;861
7094;862
7095;863
7096;864
7097;865
7098;866
7099;867
7100;868
7101;869
7102;870
7103;871
7104;872
7105;873
7106;874
7107;875
7108;876
7109;877
7110;878
7111;879
7112;880
7113;881
7114;882
7115;883
7116;884
7117;885
7118;886
7119;887
7120;888
7121;889
7122;890
7123;891
7124;892
7125;893
7126;894
7127;895
7128;896
7129;897
7130;898
7131;899
7132;900
7133;901
7134;902
7135;903
7136;904
7137;905
7138;906
7139;907
7140;908
7141;909
7142;910
7143;911
7144;912
7145;913
7146;914
7147;915
7148;916
7149;917
7150;918
7151;919
7152;920
7153;921
7154;922
7155;923
7156;924
7157;925
7158;926
7159;927
7160;928
7161;929
7162;930
7163;931
7164;932
7165;933
7166;934
7167;935
7168;936
7169;937
7170;938
7171;939
7172;940
7173;941
7174;942
7175;943
7176;944
7177;945
7178;946
7179;947
7180;948
7181;949
7182;950
7183;951
7184;952
7185;953
7186;954
7187;955
7188;956
7189;957
7190;958
7191;959
7192;960
7193;961
7194;962
7195;963
7196;964
7197;965
7198;966
7199;967
7200;968
7201;969
7202;970
7203;971
7204;972
7205;973
7206;974
7207;975
7208;976
7209;977
7210;978
7211;979
7212;980
7213;981
7214;982
7215;983
7216;984
7217;985
7218;986
7219;987
7220;988
7221;989
7222;990
7223;991
7224;992
7225;993
7226;994
7227;995
7228;996
7229;997
7230;998
7231;999
7232;1000
7233;1001
7234;1002
7235;1003
7236;1004
7237;1005
7238;1006
7239;1007
7240;1008
7241;1009
7242;1010
7243;1011
7244;1012
7245;1013
7246;1014
7247;1015
7248;1016
7249;1017
7250;1018
7251;1019
7252;1020
7253;1021
7254;1022
7255;1023
7256;1024
7257;1025
7258;1026
7259;1027
7260;1028
7261;1029
7262;1030
7263;1031
7264;1032
7265;1033
7266;1034
7267;1035
7268;1036
7269;1037
7270;1038
7271;1039
7272;1040
7273;1041
7274;1042
7275;1043
7276;1044
7277;1045
7278;1046
7279;1047
7280;1048
7281;1049
7282;1050
7283;1051
7284;1052
7285;1053
7286;1054
7287;1055
7288;1056
7289;1057
7290;1058
7291;1059
7292;1060
7293;1061
7294;1062
7295;1063
7296;1064
7297;1065
7298;1066
7299;1067
7300;1068
7301;1069
7302;1070
7303;1071
7304;1072
7305;1073
7306;1074
7307;1075
7308;1076
7309;1077
7310;1078
7311;1079
7312;1080
7313;1081
7314;1082
7315;1083
7316;1084
7317;1085
7318;1086
7319;1087
7320;1088
7321;1089
7322;1090
7323;1091
7324;1092
7325;1093
7326;1094
7327;1095
7328;1096
7329;1097
7330;1098
7331;1099
7332;1100
7333;1101
7334;1102
7335;1103
7336;1104
7337;1105
7338;1106
7339;1107
7340;1108
7341;1109
7342;1110
7343;1111
7344;1112
7345;1113
7346;1114
7347;1115
7348;1116
7349;1117
7350;1118
7351;1119
7352;1120
7353;1121
7354;1122
7355;1123
7356;1124
7357;1125
7358;1126
7359;1127
7360;1128
7361;1129
7362;1130
7363;1131
9000;1132
9001;1133
9002;1134
9003;1135
9004;1136
9005;1137
9006;1138
9007;1139
9008;1140
9009;1141
9010;1142
9011;1143
9012;1144
9013;1145
9014;1146
9015;1147
9016;1148
9017;1149
9018;1150
9019;1151
9020;1152
9021;1153
9022;1154
9023;1155
9024;1156
9025;1157
9026;1158
9027;1159
9028;1160
9029;1161
9030;1162
9031;1163
9032;1164
9033;1165
9034;1166
9035;1167
9036;1168
9037;1169
9038;1170
9039;1171
9040;1172
9041;1292
9042;1293
9043;1294
9044;1295
9045;1296
9046;1297
9047;1298
9048;1299
9049;1300
9050;1301
9051;1302
9052;1303
9500;1173
9501;1174
9502;1175
9503;1176
9504;1177
9505;1178
9506;1179
9507;1180
9508;1181
9509;1182
9510;1183
9511;1184
9512;1185
9513;1186
9514;1187
9515;1188
9516;1189
9517;1190
9518;1191
9519;1192
9520;1193
9521;1194
9522;1195
9523;1196
9524;1197
9525;1198
9526;1199
9527;1200
9528;1201
9529;1202
9530;1203
9531;1204
9532;1205
9533;1206
9534;1207
9535;1208
9536;1209
9537;1210
9538;1211
9539;1212
9540;1213
9541;1214
9542;1215
9543;1216
9544;1217
9545;1218
9546;1219
9547;1220
9548;1221
9549;1222
9550;1223
9551;1224
9552;1225
9553;1226
9554;1227
9555;1228
9556;1229
9557;1230
9558;1231
9559;1232
9560;1233
9561;1234
9562;1235
9563;1236
9564;1237
9565;1238
9566;1239
9567;1240
9568;1241
9569;1242
9570;1243
9571;1244
9572;1245
9573;1246
9574;1247
9575;1248
9576;1249
9577;1250
9578;1251
9579;1252
9580;1253
9581;1254
9582;1255
9583;1256
9584;1257
9585;1258
9586;1259
9587;1260
9588;1261
9589;1262
9590;1263
9591;1264
9592;1265
9593;1266
9594;1267
9595;1268
9596;1269
9597;1270
9598;1271
9599;1272
9600;1273
9601;1274
9602;1275
9603;1276
9604;1277
9605;1278
9606;1279
9607;1280
9608;1281
9609;1282
9610;1283
9611;1284
9612;1285
9613;1286
9614;1287
9615;1288
9616;1289
9617;1290
9618;1291
9619;1304
9620;1305
9621;1306
9622;1307
9623;1308
9624;1309
9625;1310
9626;1311
9627;1312
9628;1313
9629;1314